34178044000128
42224169000175
52306584000121
21402302000166
39903014000150
10279281000117
49208569000136
11116906000192
41671823000126
52447921000109
53806737000243
17077702000842
23707236000168
10589028000160
35448690000120
43618604000109
21526306000156
13624260000180
12485442000154
23476766000142
35365669000161
41055521000123
59388509000104
22933807000110
52568510000163
17783847000192
17530568000117
08596452000190
34557543000126
54789071000144
60966847000157
17117201000176
08466920000101
30202678000118
34327440000170
52443733000102
64032986000164
20909874000173
43724578000101
34381735000124
46185985000178
50148699000100
52313454000116
59839557000163
58646562000197
07428617000232
11967318000162
17077702000419
43648164000132
56069463000164
34141310000148
35358317000189